1862 333694 1686160 137
5374 477891 2442995 222
5753 1113324 5623155 1059
3983 1038012 5228090 418
1452 178021 904170 151
9843 8080553 32385896 4515
1056 44545 186584 27
5641 2302200 11562715 1701
7518 60086 450732 90
3918 854481 3448308 758
3615 1207913 4858256 943
2952 68776 373390 72
7935 4428063 17768920 2260
7256 210798 1351824 293
1632 131902 675665 128
7400 1801637 9080540 1675
7612 113168 641945 132
1920 141297 580408 120
1006 89211 364716 107
4263 1366275 6870990 888
1390 85521 441400 52
2704 703485 2834072 355
1684 199255 1012695 182
1406 45594 241995 47
1322 51978 273055 52
8855 3244016 16304825 2836
6833 3596919 14436044 2404
7601 2944440 14793980 1778
2390 329412 1670440 331
5501 893442 4521540 591
1468 103120 424100 81
321 267 4545 0
1692 195293 794448 149
7095 4844331 19423452 3283
7835 2337285 11762335 1013
6076 1058211 5350840 425
4182 698282 3532415 729
3880 954231 3846544 561
4266 977998 3944852 602
405 4988 23192 3
6956 4745945 19029304 3076
4986 1837680 9234510 1328
429 916 8870 1
998 57214 295955 54
2329 478681 1932460 154
5372 2039655 10247790 1206
7119 4496064 18032332 2659
3593 70995 390895 70
2548 550703 2222140 364
9492 2542979 12807785 1920
5043 2105337 10572195 1256
1405 171691 697692 92
9770 3795505 19071115 3034
6869 350206 2183538 354
887 66907 274640 46
6397 289448 1511170 134
5916 1543782 7776150 920
3203 316438 1613980 186
3239 542478 2743870 247
2641 304217 1547115 145
2245 463780 1872020 242
1936 77028 404450 51
276 5739 25156 1
5328 2421654 12155770 1704
8992 4047721 20322525 3414
7986 1108503 5621835 1258
9576 5592379 28048840 4056
504 4133 20560 3
4654 1404816 7068095 1402
8874 3395123 17060215 2010
7815 967070 4913060 367
5637 2974917 11938880 1434
1268 61818 321700 56
3417 1120803 4508092 632
9026 6805783 27282484 4467
9749 8813001 35311928 5048
7305 269398 1704006 342
4068 949083 4784635 487
5271 1663165 8365975 1148
3439 309710 1582705 202
4802 1292462 6508300 708
3760 622399 2519088 220
5142 1118056 5640380 726
878 63070 259176 37
9147 5798034 29071005 4202
2279 14149 93535 13
9475 5731552 28742245 3303
8193 3120850 12545792 1356
3612 818609 3302104 648
9396 833293 5112246 989
2010 375089 1894575 323
3861 792743 3200944 391
674 22916 97020 10
